{
  "nbformat": 4,
  "nbformat_minor": 0,
  "metadata": {
    "colab": {
      "name": "FCM-IMPL.ipynb",
      "provenance": [],
      "collapsed_sections": [],
      "authorship_tag": "ABX9TyMzIR6i4g/aGAhsCrsid1eE",
      "include_colab_link": true
    },
    "kernelspec": {
      "name": "python3",
      "display_name": "Python 3"
    }
  },
  "cells": [
    {
      "cell_type": "markdown",
      "metadata": {
        "id": "view-in-github",
        "colab_type": "text"
      },
      "source": [
        "<a href=\"https://colab.research.google.com/github/gnicoleta/BDA/blob/main/FCM_IMPL.ipynb\" target=\"_parent\"><img src=\"https://colab.research.google.com/assets/colab-badge.svg\" alt=\"Open In Colab\"/></a>"
      ]
    },
    {
      "cell_type": "code",
      "metadata": {
        "colab": {
          "base_uri": "https://localhost:8080/"
        },
        "id": "zeAXEEwmGPv5",
        "outputId": "5ff1f86e-3fcb-425e-edbd-dbcc0e20bffd"
      },
      "source": [
        "#open dataset file from drive\n",
        "from google.colab import drive\n",
        "\n",
        "drive.mount('/content/drive')\n",
        "\n",
        "\n",
        "dataset_size = 150\n",
        "data_file_path = \"/content/drive/MyDrive/BDA/Dataset1/\" + f'Iris-{str(dataset_size)}.txt'\n",
        "open(data_file_path, 'r')"
      ],
      "execution_count": 32,
      "outputs": [
        {
          "output_type": "stream",
          "text": [
            "Drive already mounted at /content/drive; to attempt to forcibly remount, call drive.mount(\"/content/drive\", force_remount=True).\n"
          ],
          "name": "stdout"
        },
        {
          "output_type": "execute_result",
          "data": {
            "text/plain": [
              "<_io.TextIOWrapper name='/content/drive/MyDrive/BDA/Dataset1/Iris-150.txt' mode='r' encoding='UTF-8'>"
            ]
          },
          "metadata": {
            "tags": []
          },
          "execution_count": 32
        }
      ]
    },
    {
      "cell_type": "code",
      "metadata": {
        "id": "aErHrp-Kh8Cc",
        "colab": {
          "base_uri": "https://localhost:8080/"
        },
        "outputId": "939ec137-f3e0-4011-d041-46ad20a0941d"
      },
      "source": [
        "#load data\n",
        "import numpy as np\n",
        "import pandas as pd\n",
        "\n",
        "np.random.seed(50)\n",
        "\n",
        "data_frame = pd.read_csv(data_file_path, header=None)\n",
        "iris_data = data_frame.values\n",
        "\n",
        "#fara label -> ai nevoie doar de nr ca sa poti calcula distanta\n",
        "data = iris_data[:, :iris_data.shape[1]-1]\n",
        "\n",
        "data.shape\n"
      ],
      "execution_count": 33,
      "outputs": [
        {
          "output_type": "execute_result",
          "data": {
            "text/plain": [
              "(150, 4)"
            ]
          },
          "metadata": {
            "tags": []
          },
          "execution_count": 33
        }
      ]
    },
    {
      "cell_type": "code",
      "metadata": {
        "colab": {
          "base_uri": "https://localhost:8080/"
        },
        "id": "Gw6fZYtniKgc",
        "outputId": "1f47fd1c-159b-420d-e957-efae97beb6d8"
      },
      "source": [
        "#init centroids\n",
        "import numpy as np\n",
        "\n",
        "k = 3\n",
        "random_centroids = data_frame.sample(n=k).values[:, :-1] #dont need the last value, the label\n",
        "print(\"Random: \", random_centroids)\n",
        "\n",
        "print(data[0]) #first\n",
        "print(data[-1]) #last\n",
        "print(data[round(len(data)/2)+1]) #middle\n",
        "\n",
        "predefined_centroids = np.empty((0, 4))\n",
        "predefined_centroids = np.append(predefined_centroids, np.array([data[0]]), axis=0)\n",
        "predefined_centroids = np.append(predefined_centroids, np.array([data[-1]]), axis=0)\n",
        "predefined_centroids = np.append(predefined_centroids, np.array([data[round(len(data)/2)]]), axis=0)\n",
        "print(\"\\nPredefined: \", predefined_centroids)"
      ],
      "execution_count": 34,
      "outputs": [
        {
          "output_type": "stream",
          "text": [
            "Random:  [[5.6 3.0 4.1 1.3]\n",
            " [6.3 2.5 4.9 1.5]\n",
            " [5.4 3.4 1.7 0.2]]\n",
            "[5.1 3.5 1.4 0.2]\n",
            "[5.9 3.0 5.1 1.8]\n",
            "[6.8 2.8 4.8 1.4]\n",
            "\n",
            "Predefined:  [[5.1 3.5 1.4 0.2]\n",
            " [5.9 3.0 5.1 1.8]\n",
            " [6.6 3.0 4.4 1.4]]\n"
          ],
          "name": "stdout"
        }
      ]
    },
    {
      "cell_type": "code",
      "metadata": {
        "id": "1T1H6BetbPHX"
      },
      "source": [
        "import numpy as np\n",
        "from numpy.linalg import norm\n",
        "\n",
        "def euclidian_distance(a, b): \n",
        "  return norm(np.array(a)-np.array(b)) #ultima valoare este un label, nu poti calcual distanta de string, doar de nr\n"
      ],
      "execution_count": 35,
      "outputs": []
    },
    {
      "cell_type": "code",
      "metadata": {
        "colab": {
          "base_uri": "https://localhost:8080/"
        },
        "id": "9suNyYU3PUqF",
        "outputId": "14f2e295-5cf1-473e-f388-78b5a6cd0139"
      },
      "source": [
        "import math\n",
        "m = 3\n",
        "\n",
        "def compute_membership_degree(data_point, centroids):\n",
        "\n",
        "  p = float(2/(m-1))\n",
        "  distances_to_centroids = [] #lista care va contine cele k distante de la punct la fiecare centroid\n",
        "\n",
        "  suma_0 = 0\n",
        "  for j in range(k):\n",
        "    suma_0 += math.pow((1/euclidian_distance(data_point, centroids[j])), p)\n",
        "  membership_degrees = []\n",
        "  for centroid in centroids:\n",
        "    aux1 = math.pow((1/euclidian_distance(data_point, centroid)),p)\n",
        "    membership_degrees.append(aux1/suma_0)\n",
        "\n",
        "  closest_centroid_index = np.argmax(membership_degrees)\n",
        "  return closest_centroid_index, membership_degrees\n",
        "\n",
        "def compute_clusters(data, centroids, k):\n",
        "  clusters = [[] for _ in range(k)]\n",
        "  \n",
        "  membership_matrix = []\n",
        "  for data_point_index, data_point in enumerate(data):\n",
        "    (centroid_index, membership_degree) = compute_membership_degree(data_point, centroids)\n",
        "    membership_matrix.append(membership_degree)\n",
        "    clusters[centroid_index].append(data_point_index)\n",
        "  return clusters, membership_matrix\n",
        "\n",
        "def compute_new_centroids_FCM(k, data_points, membership_matrix):\n",
        "  new_centroids = []\n",
        "  for j in range(k):\n",
        "    u = sum(np.power(membership_matrix[:][j],m))\n",
        "    cx_sum = 0\n",
        "    for i in range(150):\n",
        "      #print(\"DODO: \", np.power(membership_matrix[i][j],m), np.multiply(np.power(membership_matrix[i][j],m),data_points[i,:]))\n",
        "      c = np.multiply(np.power(membership_matrix[i][j],m),data_points[i,:])\n",
        "      if(not math.isnan(c[j])):\n",
        "        cx_sum += c[j]\n",
        "        #print(\"For: \",j, c[j], cx_sum)\n",
        "    new_centroid_value = cx_sum/u\n",
        "    print(\"WTF: \", cx_sum, u, new_centroid_value)\n",
        "    new_centroids.append(new_centroid_value)\n",
        "  print(\"LAST: \", new_centroids)\n",
        "  return new_centroids\n",
        "\n",
        "#verifica daca distanta dintre centroizi s-a schimbat\n",
        "def compute_sse(k, centroids_old, centroids):\n",
        "  distances = [euclidian_distance(centroids_old[i], centroids[i]) for i in range(k)]\n",
        "  return sum(distances)\n",
        "\n",
        "(clst, membmtrx) = compute_clusters(data, random_centroids, 3)\n",
        "compute_new_centroids_FCM(3, data, membmtrx)"
      ],
      "execution_count": 234,
      "outputs": [
        {
          "output_type": "stream",
          "text": [
            "WTF:  53.90126607146747 0.5105283735066718 105.57937397530965\n",
            "WTF:  36.29206332039362 0.3619766945582471 100.2607733204595\n",
            "WTF:  29.84232667670495 0.328732531550315 90.77996186129621\n",
            "LAST:  [105.57937397530965, 100.2607733204595, 90.77996186129621]\n"
          ],
          "name": "stdout"
        },
        {
          "output_type": "stream",
          "text": [
            "/usr/local/lib/python3.6/dist-packages/ipykernel_launcher.py:11: RuntimeWarning: divide by zero encountered in double_scalars\n",
            "  # This is added back by InteractiveShellApp.init_path()\n",
            "/usr/local/lib/python3.6/dist-packages/ipykernel_launcher.py:14: RuntimeWarning: divide by zero encountered in double_scalars\n",
            "  \n"
          ],
          "name": "stderr"
        },
        {
          "output_type": "execute_result",
          "data": {
            "text/plain": [
              "[105.57937397530965, 100.2607733204595, 90.77996186129621]"
            ]
          },
          "metadata": {
            "tags": []
          },
          "execution_count": 234
        }
      ]
    },
    {
      "cell_type": "code",
      "metadata": {
        "id": "SsrSPHw6YZSC"
      },
      "source": [
        "import numpy as np\n",
        "import time\n",
        "\n",
        "def FCM(max_iterations, k, error_margin, data=data, centroids=predefined_centroids):\n",
        "  print(centroids)\n",
        "  \n",
        "  clusters=[[] for _ in range (k)]\n",
        "\n",
        "  for i in range(max_iterations):\n",
        "    print(\"\\n\\n\")\n",
        "    start = time.time()\n",
        "    (clusters, membership_matrix)= compute_clusters(data, centroids, k)\n",
        "    #tine minte vechii centroizi ca sa vezi convergenta\n",
        "    centroids = compute_new_centroids_FCM(k, data, membership_matrix)\n",
        "\n",
        "    print(\"erwrew\",membership_matrix)\n",
        "    print(\"dasa\", membership_matrix[i][0])\n",
        "    print(\"dasa\", membership_matrix[i][1])\n",
        "    if(abs(membership_matrix[i][0]-membership_matrix[i][1])<=error_margin):\n",
        "      stop = time.time()\n",
        "      duration = stop-start\n",
        "      print(\"Iteration \", i+1, \" algoritm has converged, variance: \", \", duration: \", duration)\n",
        "      break\n",
        "      \n",
        "    stop = time.time()\n",
        "    duration = stop-start\n",
        "    print(\"Iteration \", i+1, \", variance: \", \", duration: \", duration)\n",
        "  \n",
        "    for _ in range (k):\n",
        "        print(\"\\tCluster \", _, \": \", len(clusters[_]))\n",
        "\n",
        "  for _ in range (k):\n",
        "        print(\"\\n Cluster \", _, \": \", len(clusters[_]))\n",
        "  return (clusters, centroids)\n",
        "      "
      ],
      "execution_count": 235,
      "outputs": []
    },
    {
      "cell_type": "code",
      "metadata": {
        "colab": {
          "base_uri": "https://localhost:8080/"
        },
        "id": "NkE9BgJkozqk",
        "outputId": "a546f260-e700-4335-f1de-46b68d017a82"
      },
      "source": [
        "print(random_centroids)\n",
        "(resulted_clusters, optim_centroids) = FCM(7, 3, 0, data, random_centroids)"
      ],
      "execution_count": 236,
      "outputs": [
        {
          "output_type": "stream",
          "text": [
            "[[5.6 3.0 4.1 1.3]\n",
            " [6.3 2.5 4.9 1.5]\n",
            " [5.4 3.4 1.7 0.2]]\n",
            "[[5.6 3.0 4.1 1.3]\n",
            " [6.3 2.5 4.9 1.5]\n",
            " [5.4 3.4 1.7 0.2]]\n",
            "\n",
            "\n",
            "\n",
            "WTF:  53.90126607146747 0.5105283735066718 105.57937397530965\n",
            "WTF:  36.29206332039362 0.3619766945582471 100.2607733204595\n",
            "WTF:  29.84232667670495 0.328732531550315 90.77996186129621\n",
            "LAST:  [105.57937397530965, 100.2607733204595, 90.77996186129621]\n",
            "erwrew [[0.1159592200873995, 0.0859546926503391, 0.7980860872622614], [0.16704594253927532, 0.12463198551841191, 0.7083220719423128], [0.1806446226365912, 0.13510020321956145, 0.6842551741438474], [0.1940713389368955, 0.14317183735233116, 0.6627568237107734], [0.13552938292864056, 0.1002831293945808, 0.7641874876767787], [0.14747873737556655, 0.10653236422327703, 0.7459888984011565], [0.18829842488484907, 0.13880745781349668, 0.6728941173016543], [0.12121851162566306, 0.08899846440290769, 0.7897830239714292], [0.2234883265177652, 0.1675163120726605, 0.6089953614095742], [0.15469792311877512, 0.11464800999183253, 0.7306540668893924], [0.10176452531005936, 0.07535984992384745, 0.8228756247660931], [0.15500055140726007, 0.11264317741389877, 0.7323562711788412], [0.17741950407809104, 0.1328565380439152, 0.6897239578779938], [0.22692504431609045, 0.1739213113798007, 0.5991536443041089], [0.182052817775123, 0.14056987231791473, 0.6773773099069623], [0.2169006252235459, 0.16374093440506093, 0.6193584403713931], [0.15764042255967017, 0.11805182081946429, 0.7243077566208656], [0.11950736560552634, 0.08822098996113331, 0.7922716444333403], [0.14137916744161258, 0.1038626155678197, 0.7547582169905677], [0.14080598201688327, 0.10311265652007744, 0.7560813614630392], [0.0, 0.0, nan], [0.13546199087808583, 0.09870991889549528, 0.7658280902264188], [0.2004783330049282, 0.15267974968073605, 0.6468419173143357], [0.1304236707296401, 0.09277570323518886, 0.7768006260351711], [0.17111402568886142, 0.12077569503957504, 0.7081102792715636], [0.15147326879666775, 0.11116192680867622, 0.737364804394656], [0.12939169319361074, 0.09323190772657779, 0.7773763990798114], [0.08782988494134138, 0.06466355518747739, 0.8475065598711813], [0.10019769388280544, 0.07448615820689881, 0.8253161479102957], [0.17692775746485054, 0.1290081049630417, 0.6940641375721077], [0.16864690747890415, 0.12322814814207197, 0.7081249443790238], [0.08628112640476417, 0.06340097237053864, 0.8503179012246972], [0.17223578369940248, 0.1281391555873383, 0.6996250607132591], [0.18444891580282097, 0.13920062802127725, 0.6763504561759017], [0.15469792311877512, 0.11464800999183253, 0.7306540668893924], [0.15446048958726755, 0.11667800963489537, 0.7288615007778371], [0.11175927409397245, 0.08448855268840706, 0.8037521732176205], [0.15469792311877512, 0.11464800999183253, 0.7306540668893924], [0.21873004866446497, 0.16466184766253333, 0.6166081036730018], [0.10241620198548436, 0.07530517577899051, 0.8222786222355251], [0.14253903486270542, 0.10599336663588829, 0.7514675985014063], [0.25214854908610784, 0.19468641526395467, 0.5531650356499376], [0.21223931455490577, 0.15905209134922013, 0.628708594095874], [0.15712990650420844, 0.11229802663662719, 0.7305720668591644], [0.1625502526958979, 0.11381476561116888, 0.7236349816929333], [0.18057584654551098, 0.13411024768227328, 0.6853139057722156], [0.1352065737792178, 0.09857186029707408, 0.766221565923708], [0.1900399148835834, 0.1410409000503526, 0.668919185066064], [0.1046789730807426, 0.07727358105985939, 0.818047445859398], [0.13142676409147652, 0.0974768656966236, 0.7710963702118999], [0.33976453013873587, 0.5153871654112274, 0.14484830445003669], [0.40929273170821195, 0.472610537658187, 0.11809673063360107], [0.30993240418122137, 0.5634938953683104, 0.12657370045046828], [0.5451445358885867, 0.3147393445425291, 0.1401161195688842], [0.2786362150342799, 0.6342765383942898, 0.0870872465714304], [0.5823850823548824, 0.3310268422102442, 0.08658807543487353], [0.39722272654275387, 0.48531996216528944, 0.11745731129195663], [0.46066063862508866, 0.2648473918699834, 0.27449196950492794], [0.3169867429685038, 0.5772109665734355, 0.10580229045806058], [0.6352322553639054, 0.23144028213148954, 0.13332746250460506], [0.4525594729495808, 0.2988759014607855, 0.24856462558963358], [0.6562150369725164, 0.25881470090660524, 0.08497026212087835], [0.45596299849235494, 0.3884543714587642, 0.15558263004888095], [0.35400314573733305, 0.5619625721733232, 0.08403428208934384], [0.6426373067992243, 0.212404703400504, 0.14495798980027183], [0.37660802350837097, 0.4899245840047849, 0.13346739248684414], [0.6192814707781312, 0.29193208496693035, 0.08878644425493833], [0.6217207931859072, 0.2684514345964567, 0.10982777221763601], [0.2881977402431992, 0.6191480653581235, 0.0926541943986772], [0.5978952126129705, 0.26738686776485815, 0.13471791962217142], [0.427117847927998, 0.4600200006321766, 0.11286215143982535], [0.5696986914168921, 0.3152047920305401, 0.11509651655256768], [0.0, nan, 0.0], [0.35212614467908643, 0.5610267454406445, 0.08684710988026915], [0.42126489652135135, 0.46349215629236257, 0.11524294718628618], [0.3730886289902592, 0.5051643917083074, 0.12174697930143348], [0.2680939213658806, 0.628735976943695, 0.10317010169042443], [0.2810324753462889, 0.6117948821409804, 0.10717264251273081], [0.467073808030925, 0.44370512784447774, 0.08922106412459731], [0.5385193679349131, 0.2639899046529891, 0.19749072741209778], [0.5615406602698265, 0.2793769203917751, 0.1590824193383983], [0.5417112228888221, 0.278840433479188, 0.17944834363198994], [0.654580589395198, 0.2364067280031794, 0.10901268260162254], [0.2479040168548954, 0.6763939438405114, 0.0757020393045931], [0.624644476707163, 0.2770502903797339, 0.09830523291310311], [0.5084583532537295, 0.3711085203985788, 0.12043312634769193], [0.3266615000200432, 0.555598987683657, 0.11773951229629984], [0.32055443742246426, 0.5772138085714095, 0.10223175400612618], [nan, 0.0, 0.0], [0.6181460305196692, 0.26313573584436606, 0.1187182336359647], [0.589616278876683, 0.30791705922052226, 0.10246666190279459], [0.42302383075814887, 0.4837462576772819, 0.09322991156456914], [0.6204834883889274, 0.27021694199534185, 0.10929956961573069], [0.4591535055996371, 0.2708685117122819, 0.269977982688081], [0.70471125548888, 0.21645034151237094, 0.07883840299874904], [0.8183156117653367, 0.1299295646736121, 0.0517548235610511], [0.8123158664162037, 0.13730644213702772, 0.05037769144676856], [0.48467654165497825, 0.4110612143608987, 0.104262243984123], [0.43535189731045076, 0.2523135675020614, 0.31233453518748794], [0.7737301775360264, 0.16275536607794275, 0.06351445638603094], [0.346752903919839, 0.487362236045607, 0.16588486003455397], [0.3270196498727855, 0.5702547919442742, 0.10272555818294037], [0.3171736131454504, 0.5235233151417572, 0.15930307171279243], [0.29303019877872744, 0.5900069768127368, 0.11696282440853574], [0.3189677719524996, 0.53720063030315, 0.14383159774435028], [0.3304330333951726, 0.47864521120247033, 0.1909217554023571], [0.4977950915339024, 0.3487198482549084, 0.15348506021118913], [0.3209317337110819, 0.5063298550058168, 0.17273841128310116], [0.28234249397536043, 0.588169133966087, 0.12948837205855246], [0.3429116673820245, 0.4694809463794183, 0.18760738623855724], [0.32561539766941894, 0.550054771160451, 0.12432983117013009], [0.25019379680477705, 0.6542382572405847, 0.09556794595463815], [0.30606385688166476, 0.5569584713428526, 0.13697767177548256], [0.34383173327114624, 0.5453965808571506, 0.11077168587170332], [0.36296241632850496, 0.5035074698214115, 0.13353011385008365], [0.3377392019962209, 0.5232233218770986, 0.1390374761266804], [0.2919171586517618, 0.589721871109777, 0.11836097023846114], [0.343296906262945, 0.44892251385388976, 0.20778057988316515], [0.3307648653869448, 0.4711216157296963, 0.19811351888335893], [0.23333762968039146, 0.6876223012787767, 0.0790400690408319], [0.326938863094367, 0.5152340809310515, 0.1578270559745815], [0.40361376332562054, 0.4792033572863819, 0.11718287938799749], [0.32885985034186066, 0.4779130650768922, 0.19322708458124707], [0.21342088016204117, 0.7176685219998924, 0.06891059783806654], [0.32887493680349167, 0.5199969328214848, 0.15112813037502343], [0.3234624919951309, 0.5098630188895169, 0.1666744891153522], [0.271615227728843, 0.6484724682088597, 0.07991230406229716], [0.3307771202093238, 0.5729227781838669, 0.09630010160680917], [0.2976958515401313, 0.577092045459874, 0.12521210299999463], [0.3108955558523095, 0.5336917283124128, 0.15541271583527771], [0.316562331083224, 0.5138151620831185, 0.16962250683365743], [0.34193599059117313, 0.4503719936784682, 0.20769201573035856], [0.304200531554847, 0.5660879259586512, 0.12971154248650174], [0.2081099943663633, 0.7232210988435088, 0.06866890679012792], [0.2784879679966231, 0.6135934603352937, 0.107918571668083], [0.32802767222831547, 0.48582140731464485, 0.18615092045703968], [0.35216992756989496, 0.49150953952434495, 0.15632053290575995], [0.30626159890048044, 0.5719639225240771, 0.12177447857544255], [0.3708503187387906, 0.5303878576908609, 0.09876182357034836], [0.31311703743611524, 0.5450463075484749, 0.14183665501540982], [0.3260957984664382, 0.5229166084833838, 0.15098759305017806], [0.32518055729597517, 0.5286416967233017, 0.14617774598072308], [0.3270196498727855, 0.5702547919442742, 0.10272555818294037], [0.32916782027984737, 0.5103015735292646, 0.16053060619088796], [0.33852910195568825, 0.49892932505512216, 0.16254157298918942], [0.31626615742051983, 0.5477890533669174, 0.13594478921256273], [0.21258131737447003, 0.7125532364368645, 0.07486544618866539], [0.2956945219446659, 0.590214486535477, 0.11409099151985716], [0.35919791538693313, 0.4921395508614469, 0.14866253375162], [0.34734834660518427, 0.5471680813799293, 0.10548357201488623]]\n",
            "dasa 0.1159592200873995\n",
            "dasa 0.0859546926503391\n",
            "Iteration  1 , variance:  , duration:  0.02321600914001465\n",
            "\tCluster  0 :  31\n",
            "\tCluster  1 :  69\n",
            "\tCluster  2 :  50\n",
            "\n",
            "\n",
            "\n",
            "WTF:  26.140550289503423 0.11253278412665743 232.29275355066147\n",
            "WTF:  16.043743488252257 0.1125276208125511 142.57604819511806\n",
            "WTF:  26.923252554194615 0.11252690299413756 239.2605842497706\n",
            "LAST:  [232.29275355066147, 142.57604819511806, 239.2605842497706]\n",
            "erwrew [[0.3103587294958145, 0.32724606209920004, 0.36239520840498546], [0.3103989392030905, 0.32725905848930614, 0.3623420023076034], [0.31040453782704297, 0.3272608632865307, 0.3623345988864264], [0.31040392669612576, 0.32726064710810776, 0.3623354261957664], [0.3103585450399358, 0.3272459967956749, 0.3623954581643894], [0.3102879830162887, 0.3272231299766446, 0.36248888700706683], [0.31038641419748964, 0.32725497886336935, 0.36235860693914096], [0.31036408585405917, 0.32724778165484536, 0.36238813249109536], [0.31043272660516397, 0.3272699554024414, 0.3622973179923946], [0.310393285969856, 0.3272572343016454, 0.3623494797284987], [0.3103242689791849, 0.3272349209989671, 0.36244081002184786], [0.3103692895820407, 0.32724944713354376, 0.3623812632844154], [0.3104106803904164, 0.3272628604023576, 0.362326459207226], [0.31045661502887084, 0.3272777004133113, 0.36226568455781794], [0.31030286684789393, 0.32722804899118607, 0.36246908416092005], [0.31025431099000067, 0.32721226255327907, 0.36253342645672026], [0.31031239694461416, 0.3272310701829032, 0.3624565328724827], [0.3103525310152756, 0.32724404432174165, 0.36240342466298286], [0.3102832235606671, 0.3272216211630662, 0.3624951552762668], [0.3103290786050209, 0.3272364472731094, 0.3624344741218696], [0.3103296094251567, 0.32723663530335806, 0.3624337552714852], [0.31032865886926675, 0.32723629859024694, 0.36243504254048636], [0.31040521003307403, 0.32726110106594464, 0.36233368890098133], [0.3103336369854658, 0.3272378845413309, 0.36242847847320336], [0.31035126334097146, 0.3272435954651178, 0.3624051411939107], [0.3103813370704841, 0.327253358361064, 0.36236530456845184], [0.3103456608331285, 0.32724178856802144, 0.36241255059885014], [0.31034707725052774, 0.32724229014228334, 0.3624106326071889], [0.3103589385421961, 0.32724613610825637, 0.3623949253495475], [0.3103865122071595, 0.3272550135443104, 0.36235847424853007], [0.3103867082239641, 0.32725508290506694, 0.362358208870969], [0.3103292884671001, 0.3272365216119634, 0.3624341899209365], [0.3103186018421713, 0.327233090900667, 0.36244830725716176], [0.310295813697439, 0.3272257273941274, 0.3624784589084336], [0.310393285969856, 0.3272572343016454, 0.3623494797284987], [0.3103938000677419, 0.32725741619154014, 0.362348783740718], [0.3103424684470505, 0.3272408351406116, 0.3624166964123379], [0.310393285969856, 0.3272572343016454, 0.3623494797284987], [0.3104329214243352, 0.32727002428032326, 0.3622970542953416], [0.31035848355397855, 0.32724597502753805, 0.3623955414184835], [0.31036419644554025, 0.3272478208039629, 0.3623879827504967], [0.31046188936195035, 0.327279389857854, 0.3622587207801956], [0.3104213730736483, 0.32726629118452955, 0.3623123357418223], [0.31032746130286704, 0.32723587436900936, 0.3624366643281237], [0.31029859171897395, 0.3272265338296886, 0.3624748744513375], [0.3103983765418318, 0.3272588594358723, 0.36234276402229587], [0.31032923908813503, 0.32723650412062294, 0.36243425679124197], [0.310404134484327, 0.32726072061040873, 0.36233514490526436], [0.3103298686539102, 0.3272367271280892, 0.3624334042180005], [0.31037592380072754, 0.3272516188585249, 0.3623724573407475], [0.3099940022146202, 0.3271275426047256, 0.36287845518065426], [0.31003406375931614, 0.3271405221415385, 0.3628254140991454], [0.30998749420772764, 0.32712540830168113, 0.3628870974905913], [0.3101835124606846, 0.3271891127133305, 0.36262737482598495], [0.31004708427553423, 0.3271447905733749, 0.36280812515109084], [0.3101117636403951, 0.32716579156963727, 0.3627224447899677], [0.3100152706907763, 0.32713438133949274, 0.3628503479697309], [0.3102717834715106, 0.32721774349134636, 0.36251047303714296], [0.3100479295646036, 0.3271450915666782, 0.36280697886871816], [0.31017600406399626, 0.32718662652072455, 0.36263736941527924], [0.3102784655805064, 0.32721993423635726, 0.36250160018313643], [0.3100931573972076, 0.32715972118629755, 0.3627471214164948], [0.3101799952453155, 0.3271880442930361, 0.36263196046164836], [0.3100643068409944, 0.3271503705761212, 0.36278532258288454], [0.31016498449119956, 0.32718307376911576, 0.36265194173968474], [0.3100354235588993, 0.32714100645896105, 0.36282356998213966], [0.31009262271922516, 0.3271595309541614, 0.3627478463266134], [0.31015482690607554, 0.32717982712196103, 0.36266534597196354], [0.3101074956243217, 0.3271644561572706, 0.36272804821840776], [0.3101840156958465, 0.32718929145670256, 0.36262669284745097], [0.3100259570624331, 0.32713781903658734, 0.36283622390097964], [0.3101185532009962, 0.3271680237315522, 0.36271342306745147], [0.31005937322518956, 0.3271487980310255, 0.3627918287437851], [0.3100832233650337, 0.327156552736529, 0.3627602238984372], [0.310077311589093, 0.32715463225821645, 0.36276805615269064], [0.3100473276226784, 0.3271448772258045, 0.3628077951515171], [0.31002434262308554, 0.3271374285722905, 0.3628382288046241], [0.30998639698399916, 0.3271250171610379, 0.362888585854963], [0.31007562745598793, 0.32715403288507294, 0.3627703396589393], [0.310202270408072, 0.3271952323348927, 0.3626024972570351], [0.31020174326257177, 0.32719504516240205, 0.36260321157502606], [0.31021391959332983, 0.32719900759618054, 0.3625870728104895], [0.31015409439699715, 0.3271795668023618, 0.3626663388006411], [0.31004603398158076, 0.3271444165733685, 0.36280954944505067], [0.31010424200656506, 0.3271632988405777, 0.3627324591528572], [0.31003850719039927, 0.32714192034789735, 0.3628195724617033], [0.31001098770112173, 0.3271330402054813, 0.36285597209339715], [0.31011415092122774, 0.32716664061410294, 0.36271920846466943], [0.3101290564928195, 0.3271713940005023, 0.36269954950667826], [0.3101712720298735, 0.3271851264893601, 0.36264360148076646], [0.31014778804179927, 0.3271775071120625, 0.3626747048461383], [0.31006408960045445, 0.32715029324386313, 0.3627856171556824], [0.3101542585841307, 0.3271796251516724, 0.3626661162641969], [0.31027210680304107, 0.3272178581477438, 0.3625100350492151], [0.3101414369832966, 0.327175431412362, 0.3626831316043415], [0.3101236615975133, 0.3271696579481141, 0.36270668045437265], [0.31012344603764214, 0.32716958129815277, 0.36270697266420504], [0.3100887596183074, 0.3271583395142638, 0.3627529008674287], [0.3102659652098201, 0.32721585895709715, 0.36251817583308277], [0.3101355095552043, 0.3271735061944346, 0.36269098425036117], [0.30987977028968355, 0.3270901453461699, 0.36303008436414647], [0.31003862257666154, 0.32714196144225993, 0.36281941598107853], [0.3098835648388574, 0.3270915006745475, 0.36302493448659506], [0.309973707016747, 0.3271208643231072, 0.3629054286601457], [0.3099181452739203, 0.32710272155065534, 0.3629791331754243], [0.30981263997269404, 0.32706842066220265, 0.3631189393651033], [0.31015145445068293, 0.3271786285810724, 0.3626699169682445], [0.30987397777547815, 0.3270884527648444, 0.3630375694596774], [0.30996383865937044, 0.32711771732448647, 0.36291844401614304], [0.30980152711673065, 0.3270646359745679, 0.36313383690870155], [0.3099602644856099, 0.32711644260663214, 0.3629232929077578], [0.30999184817223996, 0.3271267748116953, 0.3628813770160648], [0.3099249637891068, 0.3271049680171289, 0.36297006819376443], [0.31005652124930544, 0.327147782679928, 0.3627956960707665], [0.31000077624222644, 0.32712958634436234, 0.3628696374134114], [0.3099349013624173, 0.327108140454832, 0.36295695818275064], [0.30996171500804937, 0.3271169599431199, 0.36292132504883057], [0.30974282934040875, 0.32704553670350817, 0.363211633956083], [0.3098017491570678, 0.32706490554827183, 0.36313334529466035], [0.31008943472951295, 0.32715857972573487, 0.3627519855447521], [0.3098816022958261, 0.3270907997121813, 0.36302759799199263], [0.31004962247582735, 0.3271455103024657, 0.3628048672217071], [0.30982032012402255, 0.32707097725780454, 0.3631087026181731], [0.3100278189194171, 0.3271384822717494, 0.36283369880883354], [0.30989990259395545, 0.32709677134474724, 0.36300332606129726], [0.3098785706412273, 0.32708990504499874, 0.3630315243137739], [0.3100333324800671, 0.32714026167703475, 0.3628264058428982], [0.3100207321677023, 0.32713614235200844, 0.36284312548028924], [0.30995493844380656, 0.327114729200252, 0.3629303323559416], [0.30991619288656447, 0.3271022119601634, 0.362981595153272], [0.3098799451767825, 0.3270903960134149, 0.3630296588098026], [0.30976243612680704, 0.32705198228375576, 0.36318558158943703], [0.30994854351014306, 0.32711263444492317, 0.36293882204493366], [0.3100288203458376, 0.32713883899090546, 0.362832340663257], [0.3100297831739132, 0.3271391819534077, 0.3628310348726791], [0.30982369371533763, 0.32707199385491625, 0.3631043124297461], [0.3099038201004759, 0.327097982454956, 0.36299819744456796], [0.30996127469009777, 0.3271168029031608, 0.3629219224067414], [0.3100325113393553, 0.32713996920093424, 0.3628275194597105], [0.3099188354727015, 0.3271029679067455, 0.3629781966205531], [0.3098992107218775, 0.32709652430455394, 0.36300426497356847], [0.30992406593132743, 0.32710464757581004, 0.36297128649286253], [0.31003862257666154, 0.32714196144225993, 0.36281941598107853], [0.30987546751996714, 0.3270887965903994, 0.36303573588963345], [0.3098741186475854, 0.3270883147408168, 0.36303756661159786], [0.30993596681680535, 0.32710852063581364, 0.3629555125473811], [0.31002802434730586, 0.3271385554480814, 0.3628334202046128], [0.30996678887977425, 0.3271185833324049, 0.3629146277878209], [0.3099281208959793, 0.32710590771357345, 0.3629659713904471], [0.31002047515273773, 0.32713605078680363, 0.3628434740604586]]\n",
            "dasa 0.3103989392030905\n",
            "dasa 0.32725905848930614\n",
            "Iteration  2 , variance:  , duration:  0.021871566772460938\n",
            "\tCluster  0 :  0\n",
            "\tCluster  1 :  0\n",
            "\tCluster  2 :  150\n",
            "\n",
            "\n",
            "\n",
            "WTF:  18.541781753069248 0.13442170786537894 137.93740644657282\n",
            "WTF:  43.13796237567316 0.1343735151268257 321.0302442036906\n",
            "WTF:  10.888781054911787 0.13436673008236502 81.03777660018301\n",
            "LAST:  [137.93740644657282, 321.0302442036906, 81.03777660018301]\n",
